2
1 1 0 0 32.5238 32 9 0 0 14 1 0
2 1 32.5238 0 32.5238 32 9 0 0 14 1 0
3 1 65.0476 0 32.5238 32 9 0 0 14 1 0
4 1 97.5714 0 32.5238 32 9 0 0 14 1 0
5 1 130.095 0 32.5238 32 9 0 0 14 1 0
6 1 162.619 0 32.5238 32 9 0 0 14 1 0
7 1 195.143 0 32.5238 32 9 0 0 14 1 0
8 1 227.667 0 32.5238 32 9 0 0 14 1 0
9 1 260.19 0 32.5238 32 9 0 0 14 1 0
10 1 292.714 0 32.5238 32 9 0 0 14 1 0
11 1 325.238 0 32.5238 32 9 0 0 14 1 0
12 1 357.762 0 32.5238 32 9 0 0 14 1 0
13 1 390.286 0 32.5238 32 9 0 0 14 1 0
14 1 422.809 0 32.5238 32 9 0 0 14 1 0
15 1 455.333 0 32.5238 32 9 0 0 14 1 0
16 1 487.857 0 32.5238 32 9 0 0 14 1 0
17 1 520.381 0 32.5238 32 9 0 0 14 1 0
18 1 552.905 0 32.5238 32 9 0 0 14 1 0
19 1 585.429 0 32.5238 32 9 0 0 14 1 0
20 1 617.952 0 32.5238 32 9 0 0 14 1 0
21 1 650.476 0 32.5238 32 9 0 0 14 1 0
22 1 683 0 32.5238 32 9 0 0 14 1 0
23 1 715.524 0 32.5238 32 9 0 0 14 1 0
24 1 748.048 0 32.5238 32 9 0 0 14 1 0
25 1 780.571 0 32.5238 32 9 0 0 14 1 0
26 1 813.095 0 32.5238 32 9 0 0 14 1 0
27 1 845.619 0 32.5238 32 9 0 0 14 1 0
28 1 878.143 0 32.5238 32 9 0 0 14 1 0
29 1 910.667 0 32.5238 32 9 0 0 14 1 0
30 1 943.19 0 32.5238 32 9 0 0 14 1 0
31 1 975.714 0 32.5238 32 9 0 0 14 1 0
32 1 1008.24 0 32.5238 32 9 0 0 14 1 0
33 1 1040.76 0 32.5238 32 9 0 0 14 1 0
34 1 1073.29 0 32.5238 32 9 0 0 14 1 0
35 1 1105.81 0 32.5238 32 9 0 0 14 1 0
36 1 1138.33 0 32.5238 32 9 0 0 14 1 0
37 1 1170.86 0 32.5238 32 9 0 0 14 1 0
38 1 1203.38 0 32.5238 32 9 0 0 14 1 0
39 1 1235.9 0 32.5238 32 9 0 0 14 1 0
40 1 1268.43 0 32.5238 32 9 0 0 14 1 0
41 1 1300.95 0 32.5238 32 9 0 0 14 1 0
42 1 1333.48 0 32.5238 32 9 0 0 14 1 0
43 1 0 32 32.5238 32 9 0 0 14 1 0
44 1 1170.86 320 32.5238 32 10 10 0 0 1 1 1 0 18 1 7.5 0 0 0 63
45 1 1333.48 32 32.5238 32 9 0 0 14 1 0
46 1 0 64 32.5238 32 9 0 0 14 1 0
47 1 1333.48 64 32.5238 32 9 0 0 14 1 0
48 1 0 96 32.5238 32 9 0 0 14 1 0
49 1 130.095 96 32.5238 32 9 0 2.85312 14 0 0
50 1 162.619 96 32.5238 32 9 0 2.85312 14 0 0
51 1 195.143 96 32.5238 32 9 0 2.85312 14 0 0
52 1 227.667 96 32.5238 32 9 0 0 14 1 0
53 1 260.19 96 32.5238 32 9 0 0 14 1 0
54 1 292.714 96 32.5238 32 9 0 0 14 1 0
55 1 325.238 96 32.5238 32 9 0 0 14 1 0
56 1 357.762 96 32.5238 32 9 0 0 14 1 0
57 1 390.286 96 32.5238 32 9 0 0 14 1 0
58 1 422.809 96 32.5238 32 9 0 0 14 1 0
59 1 455.333 96 32.5238 32 9 0 0 14 1 0
60 1 487.857 96 32.5238 32 9 0 0 14 1 0
61 1 520.381 96 32.5238 32 9 0 0 14 1 0
62 1 552.905 96 32.5238 32 9 0 0 14 1 0
63 1 585.429 96 32.5238 32 9 0 0 14 1 0
64 1 617.952 96 32.5238 32 9 0 0 14 1 0
65 1 650.476 96 32.5238 32 9 0 0 14 1 0
66 1 683 96 32.5238 32 9 0 0 14 1 0
67 1 715.524 96 32.5238 32 9 0 0 14 1 0
68 1 748.048 96 32.5238 32 9 0 0 14 1 0
69 1 780.571 96 32.5238 32 9 0 0 14 1 0
70 1 813.095 96 32.5238 32 9 0 0 14 1 0
71 1 845.619 96 32.5238 32 9 0 0 14 1 0
72 1 878.143 96 32.5238 32 9 0 0 14 1 0
73 1 910.667 96 32.5238 32 9 0 0 14 1 0
74 1 943.19 96 32.5238 32 9 0 0 14 1 0
75 1 975.714 96 32.5238 32 9 0 0 14 1 0
76 1 1008.24 96 32.5238 32 9 0 0 14 1 0
77 1 1040.76 96 32.5238 32 9 0 0 14 1 0
78 1 1073.29 96 32.5238 32 9 0 0 14 1 0
79 1 1105.81 96 32.5238 32 9 0 0 14 1 0
80 1 1138.33 96 32.5238 32 9 0 0 14 1 0
81 1 1170.86 96 32.5238 32 9 0 0 14 1 0
82 1 1203.38 96 32.5238 32 9 0 0 14 1 0
83 1 1235.9 96 32.5238 32 9 0 0 14 1 0
84 1 1268.43 96 32.5238 32 9 0 0 14 1 0
85 1 1300.95 96 32.5238 32 9 0 0 14 1 0
86 1 1333.48 96 32.5238 32 9 0 0 14 1 0
87 1 0 128 32.5238 32 9 0 0 14 1 0
88 1 32.5238 128 32.5238 32 9 0 2.85312 14 0 0
89 1 1333.48 128 32.5238 32 9 0 0 14 1 0
90 1 0 160 32.5238 32 9 0 0 14 1 0
91 1 65.0476 160 32.5238 32 9 0 2.85312 14 0 0
92 1 1333.48 160 32.5238 32 9 0 0 14 1 0
93 1 0 192 32.5238 32 9 0 0 14 1 0
94 1 97.5714 192 32.5238 32 9 0 2.85312 14 0 0
95 1 355.24 217.6 154.683 5.33333 9 0 0 13 1 162.619 32.5238 1
96 1 647.955 217.6 154.683 5.33333 9 0 0 13 1 162.619 32.5238 1
98 1 877.168 217.6 151.649 5.33333 9 0 0 13 1 162.619 32.5238 1
99 1 1333.48 192 32.5238 32 9 0 0 14 1 0
100 1 0 224 32.5238 32 9 0 0 14 1 0
101 1 32.5238 224 32.5238 32 9 0 0 14 1 0
102 1 65.0476 224 32.5238 32 9 0 0 14 1 0
103 1 97.5714 224 32.5238 32 9 0 0 14 1 0
104 1 130.095 224 32.5238 32 9 0 0 14 1 0
105 1 162.619 224 32.5238 32 9 0 0 14 1 0
106 1 195.143 224 32.5238 32 9 0 0 14 1 0
107 1 227.667 224 32.5238 32 9 0 0 14 1 0
108 1 260.19 224 32.5238 32 9 0 0 14 1 0
109 1 292.714 224 32.5238 32 9 0 0 14 1 0
110 1 325.238 224 32.5238 32 9 0 0 14 1 0
111 1 357.762 224 32.5238 32 9 0 0 14 1 0
112 1 390.286 224 32.5238 32 9 0 0 14 1 0
113 1 422.809 224 32.5238 32 9 0 0 14 1 0
114 1 455.333 224 32.5238 32 9 0 0 14 1 0
115 1 487.857 224 32.5238 32 9 0 0 14 1 0
116 1 520.381 224 32.5238 32 9 0 0 14 1 0
117 1 552.905 224 32.5238 32 9 0 0 14 1 0
118 1 585.429 224 32.5238 32 9 0 0 14 1 0
119 1 617.952 224 32.5238 32 9 0 0 14 1 0
120 1 650.476 224 32.5238 32 9 0 0 14 1 0
121 1 683 224 32.5238 32 9 0 0 14 1 0
122 1 715.524 224 32.5238 32 9 0 0 14 1 0
123 1 748.048 224 32.5238 32 9 0 0 14 1 0
124 1 780.571 224 32.5238 32 9 0 0 14 1 0
125 1 813.095 224 32.5238 32 9 0 0 14 1 0
126 1 845.619 224 32.5238 32 9 0 0 14 1 0
127 1 878.143 224 32.5238 32 9 0 0 14 1 0
128 1 910.667 224 32.5238 32 9 0 0 14 1 0
129 1 943.19 224 32.5238 32 9 0 0 14 1 0
130 1 975.714 224 32.5238 32 9 0 0 14 1 0
131 1 1008.24 224 32.5238 32 9 0 0 14 1 0
132 1 1040.76 224 32.5238 32 9 0 0 14 1 0
133 1 1073.29 224 32.5238 32 9 0 0 14 1 0
134 1 1105.81 224 32.5238 32 9 0 0 14 1 0
135 1 1138.33 224 32.5238 32 9 0 2.85312 14 0 0
136 1 1170.86 224 32.5238 32 9 0 2.85312 14 0 0
137 1 1203.38 224 32.5238 32 9 0 2.85312 14 0 0
138 1 1333.48 224 32.5238 32 9 0 0 14 1 0
139 1 0 256 32.5238 32 9 0 0 14 1 0
140 1 613.429 320 32.5238 32 10 5 0 0 1 1 1 0 11 0 1 2 15 0.751315 4
141 1 938.667 320 32.5238 32 10 5 0 0 1 1 1 0 11 0 1 2 15 0.751315 4
142 1 1300.95 256 32.5238 32 9 0 2.85312 14 0 0
143 1 1333.48 256 32.5238 32 9 0 0 14 1 0
144 1 0 288 32.5238 32 9 0 0 14 1 0
145 1 1268.43 288 32.5238 32 9 0 2.85312 14 0 0
146 1 1300.95 288 32.5238 32 9 0 2.85312 14 0 0
147 1 1333.48 288 32.5238 32 9 0 0 14 1 0
148 1 0 320 32.5238 32 9 0 0 14 1 0
149 1 387.764 345.6 154.683 5.33333 9 0 0 13 1 162.619 32.5238 1
150 1 585.429 320 32.5238 32 10 1 0 0 1 1 1 0 11 0 1 1 16 1
151 1 1040.76 320 32.5238 32 10 1 0 0 1 1 1 0 11 0 1 1 16 1
152 1 1203.38 320 32.5238 32 9 0 2.85312 14 0 0
153 1 1235.9 320 32.5238 32 9 0 2.85312 14 0 0
154 1 1333.48 320 32.5238 32 9 0 0 14 1 0
155 1 0 352 32.5238 32 9 0 0 14 1 0
156 1 130.095 352 32.5238 32 9 0 0 14 1 0
157 1 162.619 352 32.5238 32 9 0 0 14 1 0
158 1 195.143 352 32.5238 32 9 0 0 14 1 0
159 1 227.667 352 32.5238 32 9 0 0 14 1 0
160 1 260.19 352 32.5238 32 9 0 0 14 1 0
161 1 292.714 352 32.5238 32 9 0 0 14 1 0
162 1 325.238 352 32.5238 32 9 0 0 14 1 0
163 1 357.762 352 32.5238 32 9 0 0 14 1 0
164 1 390.286 352 32.5238 32 9 0 0 14 1 0
165 1 422.809 352 32.5238 32 9 0 0 14 1 0
166 1 455.333 352 32.5238 32 9 0 0 14 1 0
167 1 487.857 352 32.5238 32 9 0 0 14 1 0
168 1 520.381 352 32.5238 32 9 0 0 14 1 0
169 1 552.905 352 32.5238 32 9 0 0 14 1 0
170 1 585.429 352 32.5238 32 9 0 0 14 1 0
171 1 617.952 352 32.5238 32 9 0 0 14 1 0
172 1 650.476 352 32.5238 32 9 0 0 14 1 0
173 1 683 352 32.5238 32 9 0 0 14 1 0
174 1 715.524 352 32.5238 32 9 0 0 14 1 0
175 1 748.048 352 32.5238 32 9 0 0 14 1 0
176 1 780.571 352 32.5238 32 9 0 0 14 1 0
177 1 813.095 352 32.5238 32 9 0 0 14 1 0
178 1 845.619 352 32.5238 32 9 0 0 14 1 0
179 1 878.143 352 32.5238 32 9 0 0 14 1 0
180 1 910.667 352 32.5238 32 9 0 0 14 1 0
181 1 943.19 352 32.5238 32 9 0 0 14 1 0
182 1 975.714 352 32.5238 32 9 0 0 14 1 0
183 1 1008.24 352 32.5238 32 9 0 0 14 1 0
184 1 1040.76 352 32.5238 32 9 0 0 14 1 0
185 1 1073.29 352 32.5238 32 9 0 0 14 1 0
186 1 1105.81 352 32.5238 32 9 0 0 14 1 0
187 1 1138.33 352 32.5238 32 9 0 0 14 1 0
188 1 1170.86 352 32.5238 32 9 0 0 14 1 0
189 1 1203.38 352 32.5238 32 9 0 0 14 1 0
190 1 1235.9 352 32.5238 32 9 0 0 14 1 0
191 1 1268.43 352 32.5238 32 9 0 0 14 1 0
192 1 1300.95 352 32.5238 32 9 0 0 14 1 0
193 1 1333.48 352 32.5238 32 9 0 0 14 1 0
194 1 0 384 32.5238 32 9 0 0 14 1 0
195 1 32.5238 384 32.5238 32 9 0 2.85312 14 0 0
196 1 715.524 448 32.5238 32 10 5 0 0 1 1 1 0 11 0 1 2 15 0 6
197 1 1333.48 384 32.5238 32 9 0 0 14 1 0
198 1 0 416 32.5238 32 9 0 0 14 1 0
199 1 65.0476 416 32.5238 32 9 0 2.85312 14 0 0
200 1 1333.48 416 32.5238 32 9 0 0 14 1 0
201 1 0 448 32.5238 32 9 0 0 14 1 0
202 1 97.5714 448 32.5238 32 9 0 2.85312 14 0 0
203 1 192.621 473.6 154.683 5.33333 9 0 0 13 1 162.619 32.5238 1
204 1 387.764 473.6 154.683 5.33333 9 0 0 13 1 162.619 32.5238 1
205 1 552.905 448 32.5238 32 10 1 0 0 1 1 1 0 11 0 1 4 16 4
206 1 550.383 473.6 154.683 5.33333 9 0 0 13 1 162.619 32.5238 1
207 1 713.002 473.6 154.683 5.33333 9 0 0 13 1 162.619 32.5238 1
208 1 908.145 473.6 154.683 5.33333 9 0 0 13 1 162.619 32.5238 1
209 1 1333.48 448 32.5238 32 9 0 0 14 1 0
210 1 0 480 32.5238 32 9 0 0 14 1 0
211 1 32.5238 480 32.5238 32 9 0 0 14 1 0
212 1 65.0476 480 32.5238 32 9 0 0 14 1 0
213 1 97.5714 480 32.5238 32 9 0 0 14 1 0
214 1 130.095 480 32.5238 32 9 0 0 14 1 0
215 1 162.619 480 32.5238 32 9 0 0 14 1 0
216 1 195.143 480 32.5238 32 9 0 0 14 1 0
217 1 227.667 480 32.5238 32 9 0 0 14 1 0
218 1 260.19 480 32.5238 32 9 0 0 14 1 0
219 1 292.714 480 32.5238 32 9 0 0 14 1 0
220 1 325.238 480 32.5238 32 9 0 0 14 1 0
221 1 357.762 480 32.5238 32 9 0 0 14 1 0
222 1 390.286 480 32.5238 32 9 0 0 14 1 0
223 1 422.809 480 32.5238 32 9 0 0 14 1 0
224 1 455.333 480 32.5238 32 9 0 0 14 1 0
225 1 487.857 480 32.5238 32 9 0 0 14 1 0
226 1 520.381 480 32.5238 32 9 0 0 14 1 0
227 1 552.905 480 32.5238 32 9 0 0 14 1 0
228 1 585.429 480 32.5238 32 9 0 0 14 1 0
229 1 617.952 480 32.5238 32 9 0 0 14 1 0
230 1 650.476 480 32.5238 32 9 0 0 14 1 0
231 1 683 480 32.5238 32 9 0 0 14 1 0
232 1 715.524 480 32.5238 32 9 0 0 14 1 0
233 1 748.048 480 32.5238 32 9 0 0 14 1 0
234 1 780.571 480 32.5238 32 9 0 0 14 1 0
235 1 813.095 480 32.5238 32 9 0 0 14 1 0
236 1 845.619 480 32.5238 32 9 0 0 14 1 0
237 1 878.143 480 32.5238 32 9 0 0 14 1 0
238 1 910.667 480 32.5238 32 9 0 0 14 1 0
239 1 943.19 480 32.5238 32 9 0 0 14 1 0
240 1 975.714 480 32.5238 32 9 0 0 14 1 0
241 1 1008.24 480 32.5238 32 9 0 0 14 1 0
242 1 1040.76 480 32.5238 32 9 0 0 14 1 0
243 1 1073.29 480 32.5238 32 9 0 0 14 1 0
244 1 1105.81 480 32.5238 32 9 0 0 14 1 0
245 1 1138.33 480 32.5238 32 9 0 2.85312 14 0 0
246 1 1170.86 480 32.5238 32 9 0 2.85312 14 0 0
247 1 1203.38 480 32.5238 32 9 0 2.85312 14 0 0
248 1 1333.48 480 32.5238 32 9 0 0 14 1 0
249 1 0 512 32.5238 32 9 0 0 14 1 0
250 1 1300.95 512 32.5238 32 9 0 2.85312 14 0 0
251 1 1333.48 512 32.5238 32 9 0 0 14 1 0
252 1 0 544 32.5238 32 9 0 0 14 1 0
253 1 162.619 576 32.5238 32 10 5 0 0 1 1 1 0 11 0 1 2 15 0 4
254 1 1268.43 544 32.5238 32 9 0 2.85312 14 0 0
255 1 1300.95 544 32.5238 32 9 0 2.85312 14 0 0
256 1 1333.48 544 32.5238 32 9 0 0 14 1 0
257 1 0 576 32.5238 32 9 0 0 14 1 0
258 1 130.095 576 32.5238 32 9 0 2.85312 14 0 0
259 1 192.621 601.6 154.683 5.33333 9 0 0 13 1 162.619 32.5238 1
260 1 357.762 576 32.5238 32 10 1 0 0 1 1 1 0 11 0 1 6 16 6
261 1 940.669 601.6 154.683 5.33333 9 0 0 13 1 162.619 32.5238 1
262 1 1073.29 576 32.5238 32 10 1 0 0 1 1 1 0 11 0 1 6 16 6
263 1 1203.38 576 32.5238 32 9 0 2.85312 14 0 0
264 1 1235.9 576 32.5238 32 9 0 2.85312 14 0 0
265 1 1333.48 576 32.5238 32 9 0 0 14 1 0
266 1 0 608 32.5238 32 9 0 0 14 1 0
267 1 32.5238 608 32.5238 32 9 0 0 14 1 0
268 1 65.0476 608 32.5238 32 9 0 0 14 1 0
269 1 97.5714 608 32.5238 32 9 0 0 14 1 0
270 1 130.095 608 32.5238 32 9 0 0 14 1 0
271 1 162.619 608 32.5238 32 9 0 0 14 1 0
272 1 195.143 608 32.5238 32 9 0 0 14 1 0
273 1 227.667 608 32.5238 32 9 0 0 14 1 0
274 1 260.19 608 32.5238 32 9 0 0 14 1 0
275 1 292.714 608 32.5238 32 9 0 0 14 1 0
276 1 325.238 608 32.5238 32 9 0 0 14 1 0
277 1 357.762 608 32.5238 32 9 0 0 14 1 0
278 1 390.286 608 32.5238 32 9 0 0 14 1 0
279 1 422.809 608 32.5238 32 9 0 0 14 1 0
280 1 455.333 608 32.5238 32 9 0 0 14 1 0
281 1 552.905 608 32.5238 32 9 0 2.85312 14 0 0
282 1 650.476 608 32.5238 32 9 0 2.85312 14 0 0
283 1 748.048 608 32.5238 32 9 0 2.85312 14 0 0
284 1 845.619 608 32.5238 32 9 0 0 14 1 0
285 1 878.143 608 32.5238 32 9 0 0 14 1 0
286 1 910.667 608 32.5238 32 9 0 0 14 1 0
287 1 943.19 608 32.5238 32 9 0 0 14 1 0
288 1 975.714 608 32.5238 32 9 0 0 14 1 0
289 1 1008.24 608 32.5238 32 9 0 0 14 1 0
290 1 1040.76 608 32.5238 32 9 0 0 14 1 0
291 1 1073.29 608 32.5238 32 9 0 0 14 1 0
292 1 1105.81 608 32.5238 32 9 0 0 14 1 0
293 1 1138.33 608 32.5238 32 9 0 0 14 1 0
294 1 1170.86 608 32.5238 32 9 0 0 14 1 0
295 1 1203.38 608 32.5238 32 9 0 0 14 1 0
296 1 1235.9 608 32.5238 32 9 0 0 14 1 0
297 1 1268.43 608 32.5238 32 9 0 0 14 1 0
298 1 1300.95 608 32.5238 32 9 0 0 14 1 0
299 1 1333.48 608 32.5238 32 9 0 0 14 1 0
300 1 0 640 32.5238 32 9 0 0 14 1 0
301 1 1333.48 640 32.5238 32 9 0 0 14 1 0
302 1 0 672 32.5238 32 9 0 0 14 1 0
303 1 1333.48 672 32.5238 32 9 0 0 14 1 0
304 1 0 704 32.5238 32 9 0 0 14 1 0
305 1 227.667 704 32.5238 32 10 5 0 0 1 1 1 0 11 0 1 2 15 0 3
306 1 357.762 704 32.5238 32 10 5 0 0 1 1 1 0 11 0 1 2 15 0 6
307 1 650.476 704 32.5238 32 9 0 2.85312 14 0 0
308 1 975.714 704 32.5238 32 10 5 0 0 1 1 1 0 11 0 1 2 15 0 7
309 1 1333.48 704 32.5238 32 9 0 0 14 1 0
310 1 0 736 32.5238 32 9 0 0 14 1 0
311 1 32.5238 736 32.5238 32 9 0 0 14 1 0
312 1 65.0476 736 32.5238 32 9 0 0 14 1 0
313 1 97.5714 736 32.5238 32 9 0 0 14 1 0
314 1 130.095 736 32.5238 32 9 0 0 14 1 0
315 1 162.619 736 32.5238 32 9 0 0 14 1 0
316 1 195.143 736 32.5238 32 9 0 0 14 1 0
317 1 227.667 736 32.5238 32 9 0 0 14 1 0
318 1 260.19 736 32.5238 32 9 0 0 14 1 0
319 1 292.714 736 32.5238 32 9 0 0 14 1 0
320 1 325.238 736 32.5238 32 9 0 0 14 1 0
321 1 357.762 736 32.5238 32 9 0 0 14 1 0
322 1 390.286 736 32.5238 32 9 0 0 14 1 0
323 1 422.809 736 32.5238 32 9 0 0 14 1 0
324 1 455.333 736 32.5238 32 9 0 0 14 1 0
325 1 487.857 736 32.5238 32 9 0 0 14 1 0
326 1 520.381 736 32.5238 32 9 0 0 14 1 0
327 1 552.905 736 32.5238 32 9 0 0 14 1 0
328 1 585.429 736 32.5238 32 9 0 0 14 1 0
329 1 617.952 736 32.5238 32 9 0 0 14 1 0
330 1 650.476 736 32.5238 32 9 0 0 14 1 0
331 1 683 736 32.5238 32 9 0 0 14 1 0
332 1 715.524 736 32.5238 32 9 0 0 14 1 0
333 1 748.048 736 32.5238 32 9 0 0 14 1 0
334 1 780.571 736 32.5238 32 9 0 0 14 1 0
335 1 813.095 736 32.5238 32 9 0 0 14 1 0
336 1 845.619 736 32.5238 32 9 0 0 14 1 0
337 1 878.143 736 32.5238 32 9 0 0 14 1 0
338 1 910.667 736 32.5238 32 9 0 0 14 1 0
339 1 943.19 736 32.5238 32 9 0 0 14 1 0
340 1 975.714 736 32.5238 32 9 0 0 14 1 0
341 1 1008.24 736 32.5238 32 9 0 0 14 1 0
342 1 1040.76 736 32.5238 32 9 0 0 14 1 0
343 1 1073.29 736 32.5238 32 9 0 0 14 1 0
344 1 1105.81 736 32.5238 32 9 0 0 14 1 0
345 1 1138.33 736 32.5238 32 9 0 0 14 1 0
346 1 1170.86 736 32.5238 32 9 0 0 14 1 0
347 1 1203.38 736 32.5238 32 9 0 0 14 1 0
348 1 1235.9 736 32.5238 32 9 0 0 14 1 0
349 1 1268.43 736 32.5238 32 9 0 0 14 1 0
350 1 1300.95 736 32.5238 32 9 0 0 14 1 0
351 1 1333.48 736 32.5238 32 9 0 0 14 1 0
352 1 739.857 320 16.2619 16 19 1 4 0
353 1 1065.09 320 16.2619 16 19 1 4 0
